x1	x2	x3	x4	x5
0	0	0	0	0
0	-1.5918456302799762	0	0	-0.004538888817641362
-1.0077558159459583	0	1.6392956039162976	-1.988215054252908	0
0	0	0	0	0
0	0	0	0	0
-0.9394343298295681	0	0	0	0
0	0	0	0	0
-1.625884434290266	0	0	2.3769151591155424	0
0	-3.9058570640533934	0	-0.7235282408976781	-5.13764660981067
0	-0.47632971228279486	0.34925258495648454	0	0
-2.029606095052936	0	0	1.6786119157564756	0.8837779395285845
0	0	0	0	0
0	0.01079880174193712	0	0	0
-2.0858270425957	1.8380329586079664	0	0.8208694549567241	-0.6038261510702647
0	0	0	0	0
0	-1.1456262399088017	0	-2.0980572525325694	0
0	0	0	0	0
-1.543027616375043	-1.1641304821987144	0.02314221993957738	1.3307334568752043	-2.0393889585865272
-0.0892374054271631	-1.024166829836497	0.5035431051045898	0.4239738901048783	-0.02487159356535014
0	0	0	0	0
0	-1.164864845856348	0	0	0
0.6898540078520957	0	0	0	0
0	0	0	0	0
0	0	0	-1.1529972791854972	0
0	-1.7485866558263974	-0.04267062326349273	0	0.1954371563060774
-1.715629381686951	-3.1841024189866145	-1.9423155451058007	0.9904159891782534	2.152396227583255
-1.1968836622411883	0	0	0	0.09068097652141227
-1.013739510139916	-0.4854908780943759	-1.1416726429790238	-0.9824134299019421	2.6213475658623784
0	0	0	0	0
-0.881321321065585	0	0	0	0.16266409362446183
0	0	0	-2.3296045879302913	0
-0.6259769010007918	0	0	-1.3649924497195722	0
-1.5126032078602023	-0.33815832830601666	0	-0.3451117094651035	-1.1326820270196483
0	0	0	0	0
0	-2.1171420955001756	0	0	0
-2.2897709678288747	0	0	0	0
-0.6507016245217396	0.20176410207067025	0	0.27086450160186776	1.6998270508621558
0	0	1.3264433775005002	-1.1851248980149443	0
-0.035305127904453615	0	0.3933485409585993	-1.5170846557707054	0
0	-1.1419192376214593	0	0	0
0	0.3652462252277762	2.425271287722404	-2.048891094976345	0
-0.16712291913100508	0	0	0	2.3214063463101753
0	0	0	0	0
0	0	0.8815850082407666	0	0
0.1807417356323259	0	0	0	0
0	0.21427314194948777	0	-2.1485796493532265	4.306998597062934
-1.0740958147623283	0	0.6422821757857524	0	1.39891556056963
0	0	0	0	0
0	0	0	-0.6102875358277522	-1.8335177956131277
-0.18975487350959552	0.2835439636490352	0	0	0
