x1	x2	x3	x4	x5
3.328289840662081
4.608194904279678
3.0148619283960043
4.70083573945252
3.000533873370729
4.933264340428119
57.302405587417695
6.6243081813527604
3.547401825289334
1.3867960714910164
1.0916888713012356
3.8675756765493086
1.922081019936866
3.9528010506443385
1.7944468549823287
1.6762434279621201
3.2945829663315336
2.4765216936362306
1.7882067361613538
32.920743032383875
3.355350201955538
21.299369943189642
8.223977706969935
2.306579809043026
1.6859312659546084
3.03795473943788
3.5761365563866785
3.4292428482815094
2.332028744408272
1.931133472442517
7.936221608045712
1.8100183653194968
2.525065546547108
5.866696857475992
3.8763534481303754
4.788810599251006
1.6348857228945126
4.9632928311617786
3.049109455893433
2.8950635340557795
4.523757170153253
2.4169573215920144
3.8107533395961375
4.600867638280676
2.0007628735685463
4.145052696351424
3.4969826342412964
5.7828367468647714
3.8490319097301984
3.212938192582112
